# This puzzle is unsolvable
100
    2     1     3     4     5     6     7     8     9    10    11    12    13    14    15    16    17    18    19    20    21    22    23    24    25    26    27    28    29    30    31    32    33    34    35    36    37    38    39    40    41    42    43    44    45    46    47    48    49    50    51    52    53    54   450    55   452    57    58    59    61    62    63    64    65    66    67    68    69    70    71    72    73    74    75    76    77    78    79    80    81    82    83    84    85    86    87    88    89    90    91    92    93    94    95    96    97    98    99   100
  396   397   398   399   400   401   402   403   404   405   406   407   408   409   410   411   412   413   414   415   416   417   418   419   420   421   422   423   424   425   426   427   428   429   430   431   432   433   434   435   436   437   438   439   440   441   442   443   444   445   446   447   448   836   449    56   451   840   455    60   456   457   458   459   460   461   462   463   464   465   466   467   468   469   470   471   472   473   474   475   476   477   478   479   480   481   482   483   484   485   486   487   488   489   490   491   492   493   494   101
  395   784   785   786   787   788   789   790   791   792   793   794   795   796   797   798   799   800   801   802   803   804   805   806   807   808   809   810   811   812   813   814   815   816   817   818   819   820   821   822   823   824   825   826   827   828   829   830   831   832   833   834  1214   837   838  1217   453   839   454   842   843   844   845   846   847   848   849   850   851   852   853   854   855   856   857   858   859   860   861   862   863   864   865   866   867   868   869   870   871   872   873   874   875   876   877   878   879   880   495   102
  394   783  1164  1165  1166  1167  1168  1169  1170  1171  1172  1173  1174  1175  1176  1177  1178  1179  1180  1181  1182  1183  1184  1185  1186  1187  1188  1189  1190  1191  1192  1193  1194  1195  1196  1197  1198  1199  1200  1201  1202  1203  1204  1205  1206  1207  1208  1209  1210  1211  1212  1213  1585   835  1587  1216  1218  1219   841  1220  1222  1223  1224  1225  1226  1227  1228  1229  1230  1231  1232  1233  1234  1235  1236  1237  1238  1239  1240  1241  1242  1243  1244  1245  1246  1247  1248  1249  1250  1251  1252  1253  1254  1255  1256  1257  1258   881   496   103
  393   782  1163  1536  1537  1538  1539  1540  1541  1542  1543  1544  1545  1546  1547  1548  1549  1550  1551  1552  1553  1554  1555  1556  1557  1558  1559  1560  1561  1562  1563  1564  1565  1566  1567  1568  1569  1570  1571  1572  1573  1574  1575  1576  1577  1578  1579  1580  1581  1582  1583  1584  1586  1215  1588  1951  2655  1952  1591  1221  1592  1594  1595  1596  1597  1598  1599  1600  1601  1602  1603  1604  1605  1606  1607  1608  1609  1610  1611  1612  1613  1614  1615  1616  1617  1618  1619  1620  1621  1622  1623  1624  1625  1626  1627  1628  1259   882   497   104
  392   781  1162  1535  1900  1901  1902  1903  1904  1905  1906  1907  1908  1909  1910  1911  1912  1913  1914  1915  1916  1917  1918  1919  1920  1921  1922  1923  1924  1925  1926  1927  1928  1929  1930  1931  1932  1933  1934  1935  1936  1937  1938  1939  1940  1941  1942  1943  1944  1945  1946  1947  1948  1949  1589  2307  1953  2656  1590  1955  1593  2311  1957  1959  1960  1961  1962  1963  1964  1965  1966  1967  1968  1969  1970  1971  1972  1973  1974  1975  1976  1977  1978  1979  1980  1981  1982  1983  1984  1985  1986  1987  1988  1989  1990  1629  1260   883   498   105
  391   780  1161  1534  1899  2256  2257  2258  2259  2260  2261  2262  2263  2264  2265  2266  2267  2268  2269  2270  2271  2272  2273  2274  2275  2276  2277  2278  2279  2280  2281  2282  2283  2284  2285  2286  2287  2288  2289  2290  2291  2292  2293  2294  2295  2296  2297  2298  2299  2300  2301  2302  2303  2304  2653  2308  2309  2994  1954  2310  2312  1956  2659  1958  2315  2316  2317  2318  2319  2320  2321  2322  2323  2324  2325  2326  2327  2328  2329  2330  2331  2332  2333  2334  2335  2336  2337  2338  2339  2340  2341  2342  2343  2344  1991  1630  1261   884   499   106
  390   779  1160  1533  1898  2255  2604  2605  2606  2607  2608  2609  2610  2611  2612  2613  2614  2615  2616  2617  2618  2619  2620  2621  2622  2623  2624  2625  2626  2627  2628  2629  2630  2631  2632  2633  2634  2635  2636  2637  2638  2639  2640  2641  2642  2643  2644  2645  2646  2647  2648  2649  2650  2652  1950  2305  3325  2995  2996  2997  2658  2313  2661  2314  2662  2663  2664  2665  2666  2667  2668  2669  2670  2671  2672  2673  2674  2675  2676  2677  2678  2679  2680  2681  2682  2683  2684  2685  2686  2687  2688  2689  2690  2345  1992  1631  1262   885   500   107
  389   778  1159  1532  1897  2254  2603  2944  2945  2946  2947  2948  2949  2950  2951  2952  2953  2954  2955  2956  2957  2958  2959  2960  2961  2962  2963  2964  2965  2966  2967  2968  2969  2970  2971  2972  2973  2974  2975  2976  2977  2978  2979  2980  2981  2982  2983  2984  2985  2986  2987  2988  2990  2651  2991  2992  2306  2993  2657  3327  3328  2998  2660  2999  3001  3002  3003  3004  3005  3006  3007  3008  3009  3010  3011  3012  3013  3014  3015  3016  3017  3018  3019  3020  3021  3022  3023  3024  3025  3026  3027  3028  2691  2346  1993  1632  1263   886   501   108
  388   777  1158  1531  1896  2253  2602  2943  3276  3277  3278  3279  3280  3281  3282  3283  3284  3285  3286  3287  3288  3289  3290  3291  3292  3293  3294  3295  3296  3297  3298  3299  3300  3301  3302  3303  3304  3305  3306  3307  3308  3309  3310  3311  3312  3313  3314  3315  3316  3317  3319  3320  2989  3321  3322  3323  3324  3326  2654  3650  3329  3652  3330  3000  3331  3333  3334  3335  3336  3337  3338  3339  3340  3341  3342  3343  3344  3345  3346  3347  3348  3349  3350  3351  3352  3353  3354  3355  3356  3357  3358  3029  2692  2347  1994  1633  1264   887   502   109
  387   776  1157  1530  1895  2252  2601  2942  3275  3600  3601  3602  3603  3604  3605  3606  3607  3608  3609  3610  3611  3612  3613  3614  3615  3616  3617  3618  3619  3620  3621  3622  3623  3624  3625  3626  3627  3628  3629  3630  3631  3632  3633  3634  3635  3636  3637  3638  3639  3956  3318  3641  3643  3644  3645  3646  3647  3648  3649  4272  4274  3967  3654  3969  3332  3656  3657  3658  3659  3660  3661  3662  3663  3664  3665  3666  3667  3668  3669  3670  3671  3672  3673  3674  3675  3676  3677  3678  3679  3680  3359  3030  2693  2348  1995  1634  1265   888   503   110
  386   775  1156  1529  1894  2251  2600  2941  3274  3599  3916  3917  3918  3919  3920  3921  3922  3923  3924  3925  3926  3927  3928  3929  3930  3931  3932  3933  3934  3935  3936  3937  3938  3939  3940  3941  3942  3943  3944  3945  3946  3947  3948  3949  3950  3951  3952  3953  4262  3640  3955  3642  4265  3959  3960  3961  3962  3963  3964  3965  3651  3968  3653  3970  3655  3971  3972  3973  3974  3975  3976  3977  3978  3979  3980  3981  3982  3983  3984  3985  3986  3987  3988  3989  3990  3991  3992  3993  3994  3681  3360  3031  2694  2349  1996  1635  1266   889   504   111
  385   774  1155  1528  1893  2250  2599  2940  3273  3598  3915  4224  4225  4226  4227  4228  4229  4230  4231  4232  4233  4234  4235  4236  4237  4238  4239  4240  4241  4242  4243  4244  4245  4246  4247  4248  4249  4250  4251  4252  4253  4254  4255  4256  4257  4258  4259  4260  3954  4261  4264  3958  3957  4266  4267  4268  4269  4270  4273  3966  4571  4573  4275  4276  4277  4278  4279  4280  4281  4282  4283  4284  4285  4286  4287  4288  4289  4290  4291  4292  4293  4294  4295  4296  4297  4298  4299  4300  3995  3682  3361  3032  2695  2350  1997  1636  1267   890   505   112
  773   383  1154  1527  1892  2249  2598  2939  3272  3597  3914  4223  4524  4525  4526  4527  4528  4529  4530  4531  4532  4533  4534  4826  4535  4537  4538  4539  4540  4541  4542  4543  4544  4545  4546  4547  4548  4549  4550  4551  4552  4553  4554  4555  4556  4557  4558  4559  4560  4561  4852  4562  4563  4564  4566  4567  4569  4570  4861  4271  4574  4863  4865  4576  4577  4578  4579  4870  4580  4581  4582  4583  4584  4585  4586  4587  4588  4589  4590  4591  4592  4593  4594  4595  4596  4597  4598  4301  3996  3683  3362  3033  2696  2351  1998  1637  1268   891   506   113
  384   771   772  1526  1891  2248  2597  2938  3271  3596  3913  4222  4523  4816  4817  4818  4819  4820  4821  4822  4823  4824  4825  5109  4536  4828  4829  4830  4831  4832  4833  4834  4835  4836  4837  4838  4839  4840  4841  4842  4843  4844  4845  4846  4847  4848  4849  4850  4851  5135  4263  4854  4855  4565  4856  4858  4568  4859  5144  4862  5147  4864  4866  4575  4867  4868  4869  5154  5153  4872  4873  4874  4875  4876  4877  4878  4879  4880  4881  4882  4883  4884  4885  4886  4887  4888  4599  4302  3997  3684  3363  3034  2697  2352  1999  1638  1269   892   507   114
  382   770  1153  1152  1890  2247  2596  2937  3270  3595  4220  3912  4522  4815  5100  5101  5102  5103  5104  5105  5106  5107  5108  5384  4827  5112  5386  5113  5114  5115  5116  5117  5118  5119  5120  5121  5122  5123  5124  5125  5126  5127  5128  5129  5130  5131  5132  5133  5134  5136  4853  5137  5138  5139  4857  5141  5142  5418  4860  5146  4572  5148  5423  5149  5150  5151  5152  4871  5429  5155  5156  5157  5158  5159  5160  5161  5162  5163  5164  5165  5166  5167  5168  5169  5170  4889  4600  4303  3998  3685  3364  3035  2698  2353  2000  1639  1270   893   508   115
  769  1151  1522  1525  1889  2246  2595  2936  3593  3269  3911  4221  4521  4814  5099  5376  5377  5378  5379  5380  5381  5382  5383  5651  5111  5110  5387  5388  5389  5390  5391  5392  5393  5394  5395  5396  5397  5398  5399  5400  5401  5402  5403  5404  5405  5406  5407  5408  5409  5410  5411  5412  5413  5414  5140  5416  5417  5419  5143  5145  5420  5422  5688  5424  5425  5426  5427  5428  5430  5697  5431  5432  5433  5434  5435  5436  5437  5438  5439  5440  5441  5442  5443  5444  5171  4890  4601  4304  3999  3686  3365  3036  2699  2354  2001  1640  1271   894   509   116
  381  1150   380  1524  1523  2245  2594  2935  3268  3594  3910  4219  4520  4813  5098  5375  5644  5645  5646  5647  5648  5649  5650  5652  5385  5653  5655  5914  5656  5657  5658  5659  5660  5661  5662  5663  5664  5665  5666  5667  5668  5669  5670  5671  5672  5673  5674  5675  5676  5677  5678  5679  5680  5681  5415  5682  5684  5944  5685  5687  5421  5689  5690  5691  5692  5693  5694  5695  5696  5956  5698  5699  5700  5701  5702  5703  5704  5705  5706  5707  5708  5709  5710  5445  5172  4891  4602  4305  4000  3687  3366  3037  2700  2355  2002  1641  1272   895   510   117
  379  1149   767  1886  1888  2244  2592  2593  2934  3592  3909  4218  4519  4812  5097  5374  5643  5904  5905  5906  5908  5909  6636  5910  5911  5912  5654  6164  5915  5916  5917  5918  5919  5920  5921  5922  5923  5924  5925  5926  5927  5928  5929  5930  5931  5932  5933  5934  5935  5936  5937  5938  5939  5940  5941  5683  5942  5943  5686  5946  5947  5948  5949  5950  5951  5952  5953  5954  5955  6207  5957  5958  5959  5960  5961  5962  5963  5964  5965  5966  5967  5968  5711  5446  5173  4892  4603  4306  4001  3688  3367  3038  2701  2356  2003  1642  1273   896   511   118
  766   377   768  1520  1887  2243  2591  2933  3267  3591  3908  4217  4518  4810  4811  5373  5642  5902  5903  5907  6160  6159  6638  6403  6404  5913  6641  6408  6165  6167  6168  6874  6169  6171  6172  6173  6174  6175  6176  6177  6178  6179  6180  6181  6182  6183  6184  6185  6186  6187  6188  6189  6190  6191  6192  6193  6194  6195  5945  6197  6198  6199  6200  6201  6202  6203  6204  6205  6449  6206  6208  6209  6210  6211  6212  6213  6214  6215  6216  6217  6218  5969  5712  5447  5174  4893  4604  4307  4002  3689  3368  3039  2702  2357  2004  1643  1274   897   512   119
  378  1148  1146  1147  1521  2242  2590  2932  3266  3265  3590  3907  4516  4517  5096  5095  5641  5901  6156  6155  6401  6639  7084  6637  6161  6162  6163  6406  6166  6645  6410  6170  6646  6413  6415  6416  6417  6418  6419  6420  6421  6422  6423  6424  6425  6426  6427  6428  6429  6430  6431  6432  6433  6434  6435  6436  6437  6438  6196  6439  6441  6442  6443  6444  6445  6446  6447  6683  6448  6450  6451  6452  6453  6454  6455  6456  6457  6458  6459  6460  6219  5970  5713  5448  5175  4894  4605  4308  4003  3690  3369  3040  2703  2358  2005  1644  1275   898   513   120
  376   765  1145  1519  1885  2240  2241  2931  3264  3589  3906  4216  4215  4809  4515  5372  5371  6153  6154  6865  6405  6157  6400  6866  6640  6642  6407  6643  6409  6411  6873  7093  6412  6414  6651  6876  6652  6653  6654  6655  6656  6657  6658  6659  6660  6662  7108  6663  6664  6665  6666  6667  6668  6669  6670  6671  6672  6673  6675  6440  6676  6677  6678  6679  6680  6681  6909  6682  6684  6685  6686  6687  6688  6689  6690  6691  6692  6693  6694  6461  6220  5971  5714  5449  5176  4895  4606  4309  4004  3691  3370  3041  2704  2359  2006  1645  1276   899   514   121
  375   764  1518  1884  1883  2239  2589  2930  3263  3588  3905  4514  4807  5094  4808  5093  5640  5900  5639  6158  6399  6864  6634  7082  6868  7297  6869  6870  6644  6872  6648  7094  6647  6650  6649  6879  7097  6880  6881  6882  6884  7103  6885  6886  6887  6661  6888  6890  6891  6892  6893  6895  6896  6897  6898  6899  6900  6901  6674  6902  6903  6904  6905  6906  6907  6908  6910  7129  6911  6912  6913  6914  6915  6916  6917  6918  6919  6920  6695  6462  6221  5972  5715  5450  5177  4896  4607  4310  4005  3692  3371  3042  2705  2360  2007  1646  1277   900   515   122
  374   763  1144  1517  1882  2238  2588  2928  2929  3587  4213  4214  5092  5091  5369  5370  5638  5899  6397  6151  6635  7085  6862  6402  7086  6867  7088  7089  6871  7090  7092  7095  7305  6875  7306  7308  6877  7099  7100  7102  6883  7314  7104  7105  7106  6889  7109  7110  7111  7112  7113  6894  7114  7115  7116  7117  7118  7119  7120  7121  7122  7123  7124  7125  7126  7338  7127  7340  7130  7131  7132  7133  7134  7135  7136  7137  7138  6921  6696  6463  6222  5973  5716  5451  5178  4897  4608  4311  4006  3693  3372  3043  2706  2361  2008  1647  1278   901   516   123
  373   762  1143  1516  1880  1881  2587  3262  3586  3903  3904  4212  4513  5368  4805  5367  5637  5898  6152  6396  6398  6863  7083  7500  6861  7087  7299  7300  7301  7091  7302  7303  7704  7508  7307  6878  7098  7310  7312  7101  7313  7315  7713  7316  7318  7107  7319  7320  7321  7322  7323  7324  7325  7326  7327  7328  7329  7330  7331  7332  7333  7334  7335  7336  7540  7337  7542  7339  7341  7342  7343  7344  7345  7346  7347  7348  7139  6922  6697  6464  6223  5974  5717  5452  5179  4898  4609  4312  4007  3694  3373  3044  2707  2362  2009  1648  1279   902   517   124
  372   761  1142  1515  2236  2586  2927  3259  3585  3261  4210  3901  4211  4512  4806  5090  5636  5897  6150  6395  6633  6632  7295  7296  7298  7294  7502  7503  7504  7505  7506  7304  7509  7510  7096  7309  7512  7513  7514  7515  7516  7712  7519  7520  7317  7521  7522  7523  7524  7525  7526  7527  7528  7529  7530  7531  7532  7533  7534  7535  7536  7537  7538  7539  7735  7128  7541  7544  7545  7741  7546  7547  7548  7549  7550  7349  7140  6923  6698  6465  6224  5975  5718  5453  5180  4899  4610  4313  4008  3695  3374  3045  2708  2363  2010  1649  1280   903   518   125
  371   760  1140  1514  1879  2237  2234  2924  3260  3902  3898  4511  4510  4804  5089  5366  5635  5896  6149  6394  6631  6860  7293  7080  7698  7499  7695  7697  7699  7887  7889  7702  7703  7507  7705  7511  7707  7708  7311  7709  7518  7517  7900  7714  7715  7716  7717  7718  7719  7720  7721  7722  7723  7724  7725  7726  7727  7728  7729  7730  7731  7732  7733  7734  7922  7736  7737  7543  7739  7926  7928  7742  7743  7744  7551  7350  7141  6924  6699  6466  6225  5976  5719  5454  5181  4900  4611  4314  4009  3696  3375  3046  2709  2364  2011  1650  1281   904   519   126
  370   759  1141  1512  2585  1877  2584  2235  3258  3583  3257  3584  3899  4803  5088  5365  5634  5895  6148  6393  6630  6859  7497  7498  7292  7501  7885  8064  7886  7701  7700  7888  7890  7891  7892  7706  7893  7894  7897  7710  8077  7711  7899  7901  7902  7903  7904  7905  7906  7907  7908  7909  7910  7911  7912  7913  7914  7915  7916  7917  7918  7919  7920  7921  8101  7923  7925  7738  7740  8106  7927  7929  7930  7745  7552  7351  7142  6925  6700  6467  6226  5977  5720  5455  5182  4901  4612  4315  4010  3697  3376  3047  2710  2365  2012  1651  1282   905   520   127
  368   758  1513  1876  2233  2582  2923  2926  2925  3900  4208  4209  4509  4802  5087  5364  5633  5894  6147  6392  6629  6858  7081  7696  7496  7884  7694  7882  8065  8066  8068  8069  8240  8070  8071  8072  8073  7895  8247  7896  7898  8078  8079  8080  8081  8082  8083  8084  8085  8086  8087  8088  8089  8090  8091  8092  8093  8094  8095  8096  8097  8098  8099  8100  8102  8103  7924  8104  8105  8440  8277  8108  7931  7746  7553  7352  7143  6926  6701  6468  6227  5978  5721  5456  5183  4902  4613  4316  4011  3698  3377  3048  2711  2366  2013  1652  1283   906   521   128
  367  1139   369  1511  2583  2232  3256  1878  3580  3582  3581  4207  4508  4801  5086  5363  5632  5893  6146  6391  6628  6857  7079  7291  7495  7693  8063  7883  8236  8237  8067  8239  8404  8241  8408  8244  8245  8074  8076  8075  8248  8249  8250  8251  8252  8253  8254  8255  8256  8257  8258  8259  8260  8261  8262  8263  8264  8265  8266  8267  8268  8269  8270  8271  8272  8273  8274  8275  8441  8276  8107  8109  7932  7747  7554  7353  7144  6927  6702  6469  6228  5979  5722  5457  5184  4903  4614  4317  4012  3699  3378  3049  2712  2367  2014  1653  1284   907   522   129
  757   756  1137  1510  1138  2581  2580  3255  3254  3579  3897  4206  4507  4800  5085  5362  5631  5892  6145  6390  6627  6856  7078  7290  7692  7691  7881  8235  8400  8401  8238  8402  8405  8406  8242  8560  8407  8409  8246  8410  8411  8412  8413  8414  8415  8416  8417  8418  8419  8420  8421  8422  8423  8424  8425  8426  8427  8428  8429  8430  8431  8432  8433  8434  8435  8436  8437  8438  8279  8594  8278  8110  7933  7748  7555  7354  7145  6928  6703  6470  6229  5980  5723  5458  5185  4904  4615  4318  4013  3700  3379  3050  2713  2368  2015  1654  1285   908   523   130
  754   755  1136  1509  1875  1874  2921  2922  2920  3896  3895  4205  4506  4799  5084  5361  5630  5891  6144  6389  6626  6854  6855  7077  7289  7494  8061  8062  8234  8399  8556  8557  8403  8559  8561  8243  8562  8709  8564  8565  8566  8567  8568  8569  8570  8571  8572  8573  8574  8575  8576  8577  8578  8579  8580  8581  8582  8583  8584  8585  8586  8587  8588  8589  8590  8591  8592  8593  8442  8595  8280  8111  7934  7749  7556  7355  7146  6929  6704  6471  6230  5981  5724  5459  5186  4905  4616  4319  4014  3701  3380  3051  2714  2369  2016  1655  1286   909   524   131
  366   365  1135  1507  1508  2231  1873  2919  3253  3578  4204  4203  4505  4798  5083  5360  5629  5890  6143  6388  6625  7076  7075  7288  7493  7690  7880  8060  8233  8398  8555  8704  8558  8705  8707  8708  8710  8563  8711  8712  8713  8714  8715  8716  8717  8718  8719  8720  8721  8722  8723  8724  8725  8726  8727  8728  8729  8730  8731  8732  8733  8734  8735  8736  8737  8738  8878  8739  8740  8439  8281  8112  7935  7750  7557  7356  7147  6930  6705  6472  6231  5982  5725  5460  5187  4906  4617  4320  4015  3702  3381  3052  2715  2370  2017  1656  1287   910   525   132
  364   753  1134  1133  1871  1872  2579  2230  3252  3577  3894  4504  4797  5082  5081  5359  5628  5889  6142  6387  6624  7074  7287  7286  7689  7878  7879  8059  8232  8397  8554  8703  8844  8706  8978  8846  8848  8849  8850  8851  8852  8853  8854  8855  8856  8857  8858  8859  8860  8861  8862  8863  8864  8865  8866  8867  8868  8869  8870  8871  8872  8873  8874  9006  8875  8877  8879  8741  8596  8443  8282  8113  7936  7751  7558  7357  7148  6931  6706  6473  6232  5983  5726  5461  5188  4907  4618  4321  4016  3703  3382  3053  2716  2371  2018  1657  1288   911   526   133
  363   752  1132  2227  1870  2229  2578  2577  2918  3251  3893  4202  4503  4796  5358  5627  5888  5887  6141  6386  6623  6853  7073  7285  7492  7688  7877  8058  8231  8396  8553  8702  8843  8845  8976  8847  8979  8980  8981  8982  8983  8984  8985  8986  8987  8988  8989  8990  8991  8992  8993  8994  8995  8996  8997  8998  8999  9000  9001  9002  9003  9004  9128  9005  8876  9007  8880  8742  8597  8444  8283  8114  7937  7752  7559  7358  7149  6932  6707  6474  6233  5984  5727  5462  5189  4908  4619  4322  4017  3704  3383  3054  2717  2372  2019  1658  1289   912   527   134
  362   751  1506  1505  2228  2576  2917  3250  3575  3576  3574  4201  4502  4795  5080  5357  5626  6140  6385  6622  6851  6852  7072  7490  7491  7686  8057  8230  8395  8394  8552  8701  8975  9100  8977  9101  9102  9103  9104  9105  9106  9107  9108  9109  9110  9111  9112  9113  9114  9115  9116  9117  9118  9119  9120  9121  9122  9123  9125  9240  9126  9242  9127  9129  9131  9008  9009  8743  8598  8445  8284  8115  7938  7753  7560  7359  7150  6933  6708  6475  6234  5985  5728  5463  5190  4909  4620  4323  4018  3705  3384  3055  2718  2373  2020  1659  1290   913   528   135
  361   750  1131  1504  1869  2226  2575  2916  3249  3891  3892  4200  4501  4794  5079  5356  5625  5886  6139  6384  6621  6850  7071  7489  7283  7876  7687  8056  8229  8551  8700  8841  8842  8974  9099  9216  9217  9218  9219  9220  9221  9222  9223  9224  9225  9226  9227  9228  9229  9230  9231  9232  9233  9234  9236  9237  9344  9238  9124  9241  9348  9243  9350  9130  9244  9010  8881  8744  8599  8446  8285  8116  7939  7754  7561  7360  7151  6934  6709  6476  6235  5986  5729  5464  5191  4910  4621  4324  4019  3706  3385  3056  2719  2374  2021  1660  1291   914   529   136
  360   749  1130  1503  2225  2574  2573  3248  3247  3573  3890  4199  4500  4793  5078  5355  5624  5885  6138  6383  6620  6849  7070  7284  7685  7874  7875  8055  8228  8393  8550  8699  8840  8973  9098  9215  9324  9325  9326  9327  9328  9329  9330  9331  9332  9333  9334  9335  9336  9337  9338  9339  9340  9342  9235  9343  9345  9444  9239  9347  9349  9448  9351  9245  9132  9011  8882  8745  8600  8447  8286  8117  7940  7755  7562  7361  7152  6935  6710  6477  6236  5987  5730  5465  5192  4911  4622  4325  4020  3707  3386  3057  2720  2375  2022  1661  1292   915   530   137
  359   748   746  1502  1868  2224  2572  2915  3572  3889  4198  4197  4499  4792  5077  5354  5623  5884  6137  6382  6619  6848  7069  7282  7488  7684  7873  8054  8053  8392  8549  8698  8839  8972  9097  9214  9323  9424  9425  9426  9427  9428  9429  9430  9431  9432  9433  9434  9435  9436  9437  9438  9439  9341  9441  9442  9443  9535  9346  9446  9538  9447  9449  9246  9133  9012  8883  8746  8601  8448  8287  8118  7941  7756  7563  7362  7153  6936  6711  6478  6237  5988  5731  5466  5193  4912  4623  4326  4021  3708  3387  3058  2721  2376  2023  1662  1293   916   531   138
  358   747  1129  1501  1867  2223  2913  2914  3246  3571  3888  4196  4790  4498  5352  5076  5622  5883  6136  6381  6618  6847  7068  7486  7487  7683  7872  8226  8227  8391  8548  8697  8838  8971  9096  9213  9322  9423  9516  9517  9518  9519  9520  9521  9522  9523  9524  9525  9526  9527  9528  9529  9530  9440  9532  9533  9534  9536  9445  9537  9540  9450  9352  9247  9134  9013  8884  8747  8602  8449  8288  8119  7942  7757  7564  7363  7154  6937  6712  6479  6238  5989  5732  5467  5194  4913  4624  4327  4022  3709  3388  3059  2722  2377  2024  1663  1294   917   532   139
  356   745  1500  1499  1866  2222  2571  2912  3245  3570  3887  4497  4791  5075  5353  5621  5882  6135  6134  6380  6617  7067  7280  7281  7278  7485  7682  7871  8052  8225  8547  8696  8837  8970  9095  9212  9321  9422  9515  9600  9601  9602  9603  9604  9605  9606  9607  9608  9609  9685  9610  9611  9612  9688  9531  9615  9617  9618  9620  9694  9621  9539  9248  9249  9135  9014  8885  8748  8603  8450  8289  8120  7943  7566  7155  7157  7365  6938  6713  6480  6239  5990  5733  5468  5195  4914  4625  4328  4023  3710  3389  3060  2723  2378  2025  1664  1295   918   533   140
  357  1125  1127  1864  1865  2221  2570  2911  3244  3569  3886  4195  4496  4789  5074  5351  5620  5881  6379  6845  6844  7066  7484  7279  7681  7870  7869  8051  8224  8390  8546  8695  8836  8969  9094  9211  9320  9421  9514  9599  9676  9677  9678  9679  9680  9681  9682  9683  9684  9686  9687  9756  9613  9614  9690  9616  9691  9692  9693  9619  9451  9354  9353  9250  9136  9015  8886  8749  8604  8451  8290  8121  7944  7367  7758  7759  7565  6939  6714  6481  6240  5991  5734  5469  5196  4915  4626  4329  4024  3711  3390  3061  2724  2379  2026  1665  1296   919   534   141
 1128   355  1126  1498  1863  2220  2569  2910  3243  3568  3885  4194  4495  4788  5073  5350  5619  5880  6133  6616  6378  7065  6846  6615  7483  7680  8050  8223  8388  8389  8545  8694  8835  8968  9093  9210  9319  9420  9513  9598  9675  9744  9745  9746  9747  9748  9749  9750  9751  9752  9753  9754  9755  9689  9757  9758  9759  9760  9695  9622  9541  9356  9355  9137  9016  8887  8888  8750  8452  8291  8122  7945  7946  7567  7364  7156  7158  6940  6715  6482  6241  5992  5735  5470  5197  4916  4627  4330  4025  3712  3391  3062  2725  2380  2027  1666  1297   920   535   142
  354   744  1124  1497  1862  2219  2568  2909  3242  3567  3884  4193  4494  4787  5072  5349  5618  5617  5879  6614  6613  6843  7064  7277  7482  7679  7868  8049  8222  8387  8544  8693  8834  8967  9092  9209  9318  9419  9512  9597  9674  9743  9804  9805  9806  9807  9808  9809  9861  9810  9863  9812  9814  9815  9816  9817  9818  9761  9696  9623  9542  9357  9454  9251  9138  9017  8751  8606  8605  8453  8292  7947  7761  7568  7760  7366  7159  6941  6716  6483  6242  5993  5736  5471  5198  4917  4628  4331  4026  3713  3392  3063  2726  2381  2028  1667  1298   921   536   143
  353   743  1123  1496  1861  2218  2567  2908  3241  3566  3883  4192  4493  4785  4786  5069  5348  5616  6377  6132  6131  6842  7063  7276  7481  7678  7867  8048  8221  8386  8543  8692  8833  8966  9091  9208  9317  9418  9511  9596  9673  9742  9803  9856  9857  9858  9859  9860  9904  9940  9811  9813  9864  9866  9867  9868  9819  9762  9697  9624  9543  9455  9452  9252  9139  9018  8889  8752  8607  8454  8293  8123  7948  7570  7569  7368  6942  6943  6484  6485  6717  5994  5737  5472  5199  5200  4629  4332  4027  3714  3393  3064  2727  2382  2029  1668  1299   922   537   144
  740   742  1122  1495  1860  2217  2566  2907  3240  3565  3882  4190  4191  4492  5347  5071  5877  6130  5878  6376  6375  6841  7062  7275  7480  7677  7866  8047  8220  8385  8542  8691  8832  8965  9090  9207  9316  9417  9510  9595  9672  9741  9802  9855  9900  9901  9902  9903  9862  9941  9906  9865  9908  9911  9909  9869  9820  9763  9698  9626  9625  9456  9453  9253  9140  9019  8890  8753  8608  8455  8294  8124  8125  7762  7763  7369  7161  7160  6719  6244  5738  5473  5739  5474  4919  4918  4630  4333  4028  3715  3394  3065  2728  2383  2030  1669  1300   923   538   145
  741   352  1121  1494  1859  2216  2565  2906  3239  3564  3881  4189  4491  4784  5346  5070  5615  5876  6129  6374  6612  6611  7061  7274  7479  7676  7865  8046  8219  8384  8541  8690  8831  8964  9089  9206  9315  9416  9509  9594  9671  9740  9801  9854  9899  9936  9937  9938  9939  9905  9942  9907  9944  9970  9870  9821  9822  9764  9699  9544  9545  9359  9358  9254  9141  9020  8891  8754  8609  8456  8295  8126  7949  7765  7764  7370  7162  6718  6486  6245  6243  5995  5475  5476  5201  4920  4631  4334  4029  3716  3395  3066  2729  2384  2031  1670  1301   924   539   146
  351   739  1120  1493  1858  2215  2564  2905  3238  3563  3879  3880  4490  4783  5068  5345  5614  5875  6128  6373  6610  6840  6839  7273  7478  7675  7864  8045  8218  8383  8540  8689  8830  8963  9088  9205  9314  9415  9508  9593  9670  9739  9800  9853  9898  9935  9964  9965  9966  9967  9968  9943  9972  9910  9912  9824  9873  9765  9701  9627  9546  9457  9360  9255  9142  9021  8892  8755  8610  8458  8457  8127  7951  7950  7766  7371  6720  7163  6946  6490  6246  5996  5741  5740  5202  4921  4632  4335  4030  3717  3396  3067  2730  2385  2032  1671  1302   925   540   147
  350   349   738  1492  1857  2214  2563  2904  3237  3562  3878  4188  4489  4782  5067  5344  5613  5874  6127  6372  6609  6838  7060  7272  7477  7674  7863  8044  8217  8382  8539  8688  8829  8962  9087  9204  9313  9414  9507  9592  9669  9738  9799  9852  9897  9934  9963  9984  9985  9986  9987  9969  9971  9872  9871  9913  9823  9700  9766  9628  9547  9459  9361  9458  9143  9022  8893  8756  8611  8459  8129  8130  8128  7571  7573  6945  6947  6487  6944  6721  6489  5997  5477  5478  5203  4922  4633  4336  4031  3718  3397  3068  2731  2386  2033  1672  1303   926   541   148
  348  1118  1119  1491  1856  2213  2562  2903  3236  3561  4187  4186  4781  4487  5066  5343  5612  5873  6126  6371  6608  6837  7059  7271  7476  7673  7862  8043  8216  8381  8538  8687  8828  8961  9086  9203  9312  9413  9506  9591  9668  9737  9798  9850  9851  9933  9962  9983  9996  9997  9998  9988  9989  9947  9946  9874  9945  9767  9702  9629  9548  9362  9363  9256  9144  9023  8894  8757  8612  8297  8296  7952  7574  7767  7572  7372  7164  6948  6488  6722  6247  6248  5998  5743  5204  4923  4634  4337  4032  3719  3398  3069  2732  2387  2034  1673  1304   927   542   149
  736   737  1117  1490  1855  2212  2561  2902  3235  3560  3877  4185  4488  4780  5065  5342  5611  5872  6125  6370  6607  7058  7270  7269  7475  7672  7861  8042  8215  8380  8537  8686  8827  8960  9085  9202  9311  9412  9505  9590  9667  9736  9797  9896  9932  9961  9931  9982  9995  9999  9990  9973  9915  9948  9914  9875  9825  9768  9703  9630  9549  9460  9258  9257  9145  9024  8895  8758  8613  8460  8298  8299  7953  7768  7575  7373  7165  6724  6723  6249  6001  5999  5742  5479  5205  4924  4635  4338  4033  3720  3399  3070  2733  2388  2035  1674  1305   928   543   150
  347   346   735  1489  1854  2211  2560  2901  3234  3559  3876  4184  4486  5064  5063  5341  5610  5871  6124  6369  6606  6836  6835  7268  7474  7671  7860  8041  8214  8379  8536  8685  8826  8959  9084  9201  9310  9411  9504  9589  9666  9735  9796  9849  9895  9894  9981  9980  9994  9993  9992  9976  9974  9916  9918  9876  9826  9769  9704  9631  9550  9461  9364  9259  9146  9025  8896  8759  8614  8461  8300  8131  7954  7769  7375  7374  7166  6949  6492  6491  6000  6250  5744  5480  5206  4925  4636  4339  4034  3721  3400  3071  2734  2389  2036  1675  1306   929   544   151
  734  1115  1116  1488  1853  2210  2559  2900  3233  3558  3875  4485  4484  4778  4779  5062  5340  5870  6123  6368  6605  7056  7057  7473  7267  7472  7859  8040  8213  8378  8535  8684  8825  8958  9083  9200  9309  9410  9503  9588  9665  9734  9795  9848  9893  9959  9960  9979  9956  9978  9977  9950  9991  9949  9951  9917  9827  9770  9705  9632  9551  9462  9365  9260  9147  9026  8897  8760  8615  8462  8301  8132  7955  7770  7576  7376  7168  7167  6950  6725  6251  6002  5745  5481  5207  4926  4637  4340  4035  3722  3401  3072  2735  2390  2037  1676  1307   930   545   152
  345   733  1114  1487  1852  2209  2558  2899  3232  3557  3874  4183  4483  4776  4777  5339  5609  5869  6122  6367  6833  6834  7055  7266  7670  7669  7858  8039  8211  8212  8534  8683  8824  8957  9082  9199  9308  9409  9502  9587  9664  9733  9794  9847  9892  9930  9958  9957  9925  9924  9955  9954  9922  9883  9877  9878  9828  9771  9706  9633  9552  9463  9366  9261  9148  9027  8898  8761  8616  8463  8302  8133  7956  7771  7577  7578  7377  6951  6726  6493  6252  6003  5746  5482  5208  4927  4638  4341  4036  3723  3402  3073  2736  2391  2038  1677  1308   931   546   153
  344   732  1113  1486  1851  2208  2557  2898  3231  3556  3873  4182  4482  4775  5061  5607  5608  5867  5868  6603  6604  6832  7054  7471  7856  7470  7668  7857  8038  8377  8376  8682  8823  8956  9081  9198  9307  9408  9501  9586  9663  9732  9793  9891  9928  9929  9888  9927  9926  9885  9923  9953  9882  9975  9921  9879  9829  9772  9707  9634  9553  9464  9367  9262  9149  9028  8899  8762  8617  8464  8303  8134  7957  7579  7379  7378  7169  6952  6727  6494  6253  6004  5747  5483  5209  4928  4342  4037  4038  3724  3403  3074  2737  2392  2039  1678  1309   932   547   154
  343   731  1112  1485  1850  2207  2556  2897  3230  3555  3872  4181  4480  4774  5060  5338  5337  5606  6121  6120  6831  6601  7053  7265  7667  8209  7666  8036  8037  8210  8375  8533  8820  8822  8955  9080  9306  9407  9500  9585  9662  9731  9792  9846  9845  9889  9890  9840  9887  9886  9837  9836  9881  9952  9919  9880  9831  9773  9708  9635  9554  9465  9368  9263  9150  9029  8900  8763  8618  8465  8304  8135  7958  7772  7581  7172  7580  6953  6728  6495  6254  6005  5749  5748  5210  4929  4639  4343  3725  3404  3075  2738  2393  2394  2040  1679  1310   933   548   155
  342   341   730  1111  2206  2205  2555  2896  3229  3554  3871  3870  4773  4180  5057  5865  5336  5605  6365  6366  6602  6830  7051  7264  7469  7664  8208  7854  8374  8530  8532  8681  8679  8680  9079  9197  9305  9499  9498  9584  9661  9730  9791  9844  9843  9842  9786  9841  9839  9783  9838  9834  9884  9920  9830  9778  9832  9774  9709  9636  9555  9466  9369  9264  9151  9030  8901  8764  8619  8466  8305  8136  7960  7773  7774  7171  7170  6954  6729  6496  6255  6006  5750  5484  5211  4930  4640  4344  4039  3726  3405  3076  2739  2395  2041  1681  1680   934   549   156
  339   340  1110  1849  1484  1848  2554  2553  3228  3553  3869  4179  4479  5058  4481  5059  5866  6362  6119  6118  6364  7052  6829  7262  7050  7263  7852  8370  8034  8678  8373  8531  8819  8954  9078  9196  9304  9303  9406  9583  9660  9729  9727  9790  9725  9788  9787  9785  9784  9782  9781  9780  9835  9833  9779  9777  9776  9775  9710  9637  9556  9467  9370  9265  9152  9031  8902  8765  8620  8467  8306  8137  7775  7959  7380  7381  7173  6955  6730  6497  6256  6007  5485  5212  4931  4642  4641  4345  4040  3727  3406  3077  2740  2042  1682  2043  1311   935   550   157
  729  1108  1482  1483  1847  2204  2894  2895  3227  3551  3552  4478  4178  5333  5335  5603  5334  5604  6117  6827  6828  6363  6600  7049  7467  7855  7851  8203  8035  8371  8528  8372  8951  8821  9193  9195  9404  9405  9497  9582  9659  9728  9656  9789  9726  9724  9723  9722  9721  9720  9719  9718  9717  9716  9715  9714  9713  9712  9711  9638  9557  9468  9371  9266  9153  9032  8903  8766  8621  8468  8307  8138  7776  7582  7583  7382  7174  6956  6731  6498  6257  6008  5751  5486  4932  5215  4643  4346  4041  3728  3407  3078  2741  2396  2044  1313  1312   936   551   158
  338  1109   728  1481  1846  2203  2551  2552  2893  3868  3867  4477  4770  4772  5054  5602  5863  5864  6116  6361  6599  6598  7048  7261  7466  7468  7853  7665  8032  8205  8818  9076  8817  8952  8953  9194  9302  9403  9496  9581  9658  9657  9655  9576  9654  9653  9652  9651  9650  9649  9648  9647  9646  9645  9644  9643  9642  9641  9640  9639  9558  9469  9372  9267  9154  9033  8904  8767  8622  8469  8308  7962  8139  7777  7961  7585  7383  6957  6732  6499  6258  6009  5752  5487  5213  4645  5214  4644  4042  3729  3408  3079  2742  2397  2045  1683  1314   937   552   159
  726   727  1107  1479  1844  1845  2892  3226  3224  3225  4177  3550  5056  4771  5332  5055  5601  5862  6115  6360  6597  6826  7046  7047  8206  7663  7464  8369  8033  8031  8676  8529  8675  8950  9077  9192  9301  9402  9495  9580  9579  9578  9577  9489  9487  9575  9573  9572  9571  9570  9569  9568  9567  9566  9565  9564  9563  9562  9561  9560  9559  9470  9373  9268  9155  9034  8905  8768  8623  8470  8309  8140  7963  7778  7384  7584  7176  6958  6733  6500  6259  6010  5753  5488  4935  4348  4646  4347  4043  3730  3410  3409  3080  2398  2046  1684   938   939   553   160
  337   335   725  1106  2201  1480  2550  2891  3223  3549  3866  4176  4475  4769  5330  5331  5600  5861  6114  6359  6596  6825  7259  7661  7465  7662  8207  7847  7660  7850  8527  8677  8949  9075  9074  9191  9300  9401  9494  9493  9492  9491  9490  9394  9488  9574  9486  9485  9484  9483  9482  9481  9480  9479  9478  9477  9476  9475  9474  9473  9472  9471  9374  9269  9156  9035  8906  8769  8624  8471  8310  8141  7965  7964  7779  7175  7385  6959  6734  6501  6260  6011  5755  5754  4934  4933  4647  4349  4044  3731  3081  2743  2745  2399  2048  1686  1315   556   162   940
  724   336  1105  1478  1843  2200  2202  2890  3548  3865  4175  4174  4765  4474  5051  5329  5599  5860  6113  6358  6595  6824  7045  7258  7260  7255  7846  7659  8030  8525  8204  8673  8816  8948  9073  9190  9299  9400  9399  9398  9397  9396  9395  9393  9392  9391  9390  9287  9389  9388  9387  9386  9385  9384  9383  9382  9381  9380  9379  9378  9377  9376  9375  9270  9157  9036  8907  8770  8625  8472  8311  8142  7966  7780  7587  7586  7178  6960  6735  6502  6262  6261  6012  5217  5491  5216  4936  4648  4045  3732  3411  3082  1685  2744  2047  1317   941   554  1318   161
  334   723  1104  1477  1842  2199  2549  2889  3222  3547  3864  4173  5053  4767  5328  5052  5598  6112  6357  6594  6354  6823  7044  7257  7849  7463  8368  8526  7848  8365  8201  8814  8815  8947  9072  9189  9298  9297  9296  9295  9294  9293  9292  9291  9290  9178  9289  9288  9286  9285  9284  9283  9282  9281  9280  9279  9278  9277  9276  9275  9274  9273  9272  9271  9158  9037  8908  8771  8626  8473  8312  8143  7781  7782  7588  7177  7179  6736  6503  6504  6014  5756  6015  5489  4938  4649  4352  4350  4351  4046  3733  3413  2746  2401  2400  1319   943   165   557   166
  333   722  1103  1475  1476  1841  2548  2547  2888  3221  3546  3863  4171  4476  4473  5858  5597  5856  6111  6355  7042  6820  6821  7043  7658  7462  8366  8028  8367  8524  8672  8523  8813  8946  9071  9188  9187  9186  9185  9184  9183  9182  9181  9180  9179  9059  9177  9176  9175  9174  9173  9172  9171  9170  9169  9168  9167  9166  9165  9164  9163  9162  9161  9160  9159  9038  8909  8772  8627  8474  8313  8144  7589  7783  7180  7386  6962  6961  6737  6263  6264  6013  5757  5490  5218  4939  4047  4650  4048  3734  3083  3412  2747  2402  1688  1687  1320   944   164  1316
  332   721  1102  1840  2197  2886  2198  2887  3220  3545  3862  4172  4170  4768  5050  5327  5859  5857  6110  6356  6822  6593  7256  8202  7460  7655  8029  7461  8674  8364  8027  8521  8812  8945  9070  9069  9068  9067  9066  9065  9064  9063  9062  9061  9060  9058  9057  8930  9056  9055  9054  9053  9052  9051  9050  9049  9048  9047  9046  9045  9044  9043  9042  9041  9040  9039  8910  8773  8628  8475  8314  8145  7967  7968  7387  7388  7390  6963  6738  6506  6505  5758  5219  5494  5220  4937  5492  4049  4353  3414  3085  3084  2749  2752  2049   945  1689   942   560   555
  331   720  1101  1474  1839  2196  2546  2545  3219  3544  3861  4763  4169  4472  4764  4766  5594  5595  6108  6109  6592  6591  7041  7254  7459  7657  8200  8522  8025  8362  8670  8671  8667  8944  8943  8942  8941  8940  8939  8938  8937  8936  8935  8934  8933  8932  8931  8795  8929  8928  8927  8926  8925  8924  8923  8922  8921  8920  8919  8918  8917  8916  8915  8914  8913  8912  8911  8774  8629  8476  8315  8146  7784  7590  7389  7391  7181  6739  6741  6508  6016  5759  5493  5495  5221  4940  4651  4354  4356  3735  3415  3086  2403  2050  1692  2054  2052   558   559   163
  330   719  1100  1473  1838  2195  2544  2885  3217  3543  3860  4470  4471  5049  5048  5596  5326  5593  5855  6353  6352  6819  7040  7253  7457  7845  7458  7844  8024  8519  8199  8520  8811  8808  8514  8807  8806  8805  8804  8803  8802  8801  8800  8799  8798  8797  8796  8794  8651  8793  8792  8791  8790  8789  8788  8787  8786  8785  8784  8783  8782  8781  8780  8779  8778  8777  8776  8775  8630  8477  8316  8147  7969  7970  7785  7591  6965  7182  6507  6742  6265  6268  6017  5760  5496  4941  4652  4050  3737  3736  3416  3087  2748  2404  2751  1690  1321  2051   169   167
  329   718  1099  1472  1837  2194  2543  3218  2884  3542  3859  4168  4469  4762  5047  5324  5854  5325  6107  6589  6590  6818  7039  7252  7654  7843  7656  8363  8026  8198  8518  8668  8809  8810  8664  8356  8663  8662  8661  8660  8659  8658  8657  8656  8655  8654  8502  8652  8650  8499  8649  8648  8647  8646  8645  8644  8643  8642  8641  8640  8639  8638  8637  8636  8635  8634  8633  8632  8631  8478  8317  8148  7971  7786  7592  7593  7392  6964  7183  6740  6266  6267  6018  5223  5222  4942  4653  4357  4355  3738  3417  3088  2750  2406  2407  1693  2057  1691   168   562
  328   717  1098  1471  1836  2193  2542  2883  3216  3541  3858  4167  4468  4761  5046  5323  5592  5853  6106  6351  6588  6817  7038  7251  7456  7652  7842  8023  8197  8195  8361  8517  8669  8665  8666  8512  8354  8511  8510  8509  8508  8507  8506  8346  8505  8503  8501  8653  8500  8340  8498  8497  8496  8495  8494  8493  8492  8491  8490  8489  8488  8487  8486  8485  8484  8483  8482  8481  8480  8479  8318  8149  7972  7787  7594  7393  6968  6966  6967  6509  6019  5762  5761  5497  5224  4943  4654  4051  4053  4052  3739  3418  2055  3089  2405  2408  1322  1323   561   946
  327   716  1097  1470  1835  2192  2541  2882  3215  3540  3857  4166  4467  4760  5045  5322  5591  5852  6105  6350  6587  6816  7037  7250  7455  7651  7653  8022  8360  8196  8192  8357  8191  8516  8515  8355  8513  8353  8352  8351  8350  8182  8347  8504  8345  8344  8343  8342  8341  8339  7996  8338  8337  8336  8335  8334  8333  8332  8331  8330  8329  8328  8327  8326  8325  8324  8323  8322  8321  8320  8319  8150  7973  7788  7595  7394  7184  7185  6743  6510  6269  6020  5763  5498  5225  4944  4655  4358  3740  3419  3420  3090  2409  1324  1325  1695   947   948   949   564
  326   715  1096  1469  1834  2191  2540  2881  3214  3539  3856  4165  4466  4759  5044  5321  5590  5851  6104  6349  6586  6815  7036  7249  7454  7650  7841  7840  8194  8359  8017  8358  8014  8190  8013  8188  8186  8185  8184  8183  8348  8349  8005  8180  8178  8003  8177  8175  8174  7998  8173  8171  8170  8169  8168  8167  8166  8165  8164  8163  8162  8161  8160  8159  8158  8157  8156  8155  8154  8153  8152  8151  7974  7789  7596  7395  7186  6969  6744  6511  6270  6021  5764  5499  5226  4945  4656  4359  4054  3741  3091  3092  2753  1696  1694  2053   563   170   172   171
  325   714  1095  1468  1833  2190  2539  2880  3213  3538  3855  4164  4465  4758  5043  5320  5589  5850  6103  6348  6585  6814  7035  7248  7453  7839  8020  8021  8019  8193  8016  8015  7641  7832  7831  8187  8011  8010  8009  8008  8007  8181  8006  8179  8002  8001  8176  8000  7999  7815  8172  7997  7995  7994  7993  7992  7991  7990  7989  7988  7987  7986  7985  7984  7983  7982  7981  7980  7979  7978  7977  7976  7975  7790  7597  7396  7187  6970  6745  6512  6271  6022  5765  5500  5227  4946  4657  4360  4055  3742  3422  3421  2754  2755   950  2056   565  1326   566   173
  324   713  1094  1467  1832  2189  2538  2879  3212  3537  3854  4163  4464  4757  5042  5319  5588  5849  6102  6347  6584  6813  7034  7247  7452  7649  7838  7837  7836  8018  7835  7834  7441  7830  8189  8012  7828  7827  7826  7825  7824  7823  7822  8004  7821  7819  7627  7818  7817  7816  7814  7813  7812  7811  7810  7809  7808  7807  7806  7805  7804  7803  7802  7801  7800  7799  7798  7797  7796  7795  7794  7793  7792  7791  7598  7397  7188  6971  6746  6513  6272  6023  5766  5501  5228  4947  4658  4361  4056  3743  3423  3093  2058  2411  1697  2410  1327   951   174   567
  323   712  1093  1466  1831  2188  2537  2878  3211  3536  3853  4162  4463  4756  5041  5318  5587  5848  6101  6346  6583  6812  7033  7246  7451  7648  7647  7646  7645  7644  7642  7643  7833  7640  7639  7829  7637  7636  7635  7633  7435  7632  7631  7630  7820  7628  7428  7626  7625  7624  7623  7622  7621  7620  7619  7618  7617  7616  7615  7614  7613  7612  7611  7610  7609  7608  7607  7606  7605  7604  7603  7602  7601  7600  7599  7398  7189  6972  6747  6514  6273  6024  5767  5502  5229  4948  4659  4362  4057  3744  3424  3094  2756  2412  1700  2061  1330  1329  1698   175
  322   711  1092  1465  1830  2187  2536  2877  3210  3535  3852  4161  4462  4755  5040  5317  5586  5847  6100  6345  6582  6811  7032  7245  7450  7449  7448  7447  7446  7445  7444  7235  7442  7233  7440  7638  7438  7230  7437  7436  7634  7433  7432  7431  7629  7430  7429  7427  7426  7425  7424  7423  7422  7421  7420  7419  7418  7417  7416  7415  7414  7413  7412  7411  7410  7409  7408  7407  7406  7405  7404  7403  7402  7401  7400  7399  7190  6973  6748  6515  6274  6025  5768  5503  5230  4949  4660  4363  4058  3745  3425  3095  2059  2757  1331  1699  2062   953   952   570
  321   710  1091  1464  1829  2186  2535  2876  3209  3534  3851  4160  4461  4754  5039  5316  5585  5846  6099  6344  6581  6810  7031  7244  7243  7242  7241  7240  7239  7238  7237  7443  7234  7019  7232  7439  7231  7015  7229  7228  7434  7226  7225  7224  7223  7222  7221  7005  7219  7218  7217  7216  7215  7214  7213  7212  7211  7210  7209  7208  7207  7206  7205  7204  7203  7202  7201  7200  7199  7198  7197  7196  7195  7194  7193  7192  7191  6974  6749  6516  6275  6026  5769  5504  5231  4950  4661  4364  4059  3746  3096  1328  2413  2415  2060  2414  2063   954   176   568
  320   709  1090  1463  1828  2185  2534  2875  3208  3533  3850  4159  4460  4753  5038  5315  5584  5845  6098  6343  6580  6809  7030  7029  7028  7027  7026  7025  7024  7023  7022  7236  7020  6796  7018  7017  7016  6792  7014  6790  7227  7012  7011  6555  7009  6784  7220  7006  7004  7003  7002  7001  7000  6999  6998  6997  6996  6995  6994  6993  6992  6991  6990  6989  6988  6987  6986  6985  6984  6983  6982  6981  6980  6979  6978  6977  6976  6975  6750  6517  6276  6027  5770  5505  5232  4951  4662  4365  4060  3426  3748  3097  2758  2416  2760  1701   956  1332   569   955
  319   708  1089  1462  1827  2184  2533  2874  3207  3532  3849  4158  4459  4752  5037  5314  5583  5844  6097  6342  6579  6808  6807  6806  6805  6804  6803  6802  6801  6800  6799  7021  6798  6797  6795  6794  6562  6560  7013  6558  6319  7010  6786  6554  7008  6313  7007  6782  6781  6780  6779  6778  6777  6776  6775  6774  6773  6772  6771  6770  6769  6768  6767  6766  6765  6764  6763  6762  6761  6760  6759  6758  6757  6756  6755  6754  6753  6752  6751  6518  6277  6028  5771  5506  5233  4952  4663  4366  4061  3747  3099  3098  2759  2417  2418  2064  1333   571   178   177
  318   707  1088  1461  1826  2183  2532  2873  3206  3531  3848  4157  4458  4751  5036  5313  5582  5843  6096  6341  6578  6577  6576  6575  6574  6573  6572  6571  6570  6569  6568  6567  6566  6565  6325  6564  6563  6793  6074  6321  6559  6789  6788  6785  6314  5812  6783  6067  6550  6549  6548  6547  6546  6545  6544  6543  6542  6541  6540  6539  6538  6537  6536  6535  6534  6533  6532  6531  6530  6529  6528  6527  6526  6525  6524  6523  6522  6521  6520  6519  6278  6029  5772  5507  5234  4953  4664  4367  4062  3749  3427  3429  2762  2761  1703  1702  1334   957   572   179
  317   706  1087  1460  1825  2182  2531  2872  3205  3530  3847  4156  4457  4750  5035  5312  5581  5842  6095  6340  6339  6338  6337  6336  6335  6334  6333  6332  6331  6330  6329  6328  6327  6326  6323  6075  6077  6561  5555  6791  6073  6556  6317  6316  6315  6312  6552  6551  6311  6310  6309  6308  6307  6306  6305  6304  6303  6302  6301  6300  6299  6298  6297  6296  6295  6294  6293  6292  6291  6290  6289  6288  6287  6286  6285  6284  6283  6282  6281  6280  6279  6030  5773  5508  5235  4954  4665  4368  4063  3751  3750  3100  3428  2419  2763  1704  1335   959  1336   180
  316   705  1086  1459  1824  2181  2530  2871  3204  3529  3846  4155  4456  4749  5034  5311  5580  5841  6094  6093  6092  6091  6090  6089  6088  6087  6086  6085  6084  6083  6082  6081  6080  6079  6322  6324  6076  5821  5819  6320  6557  6070  6318  6071  5811  5813  6553  6065  6064  6063  6062  6061  6060  6059  6058  6057  6056  6055  6054  6053  6052  6051  6050  6049  6048  6047  6046  6045  6044  6043  6042  6041  6040  6039  6038  6037  6036  6035  6034  6033  6032  6031  5774  5509  5236  4955  4666  4369  4064  3752  3101  3102  2764  2067  2065  1706   958   574   573   181
  315   704  1085  1458  1823  2180  2529  2870  3203  3528  3845  4154  4455  4748  5033  5310  5579  5840  5839  5838  5837  5836  5835  5834  5833  5832  5831  5830  5829  5828  5827  5826  5825  5824  6078  5560  5822  5820  5818  5284  5554  6787  5553  6069  5279  5549  6068  5548  5809  5808  5807  5806  5805  5804  5803  5802  5801  5800  5799  5798  5797  5796  5795  5794  5793  5792  5791  5790  5789  5788  5787  5786  5785  5784  5783  5782  5781  5780  5779  5778  5777  5776  5775  5510  5237  4956  4667  4370  4065  3431  3430  3103  2420  1707  2066  1708  1705  1337   575   182
  314   703  1084  1457  1822  2179  2528  2869  3202  3527  3844  4153  4454  4747  5032  5309  5578  5577  5576  5575  5574  5573  5572  5571  5570  5569  5568  5567  5566  5565  5564  5563  5562  5561  5559  5288  5557  5285  5556  6072  5281  5815  5282  5814  5551  5550  5546  5810  5275  5545  5544  5543  5542  5541  5540  5539  5538  5537  5536  5535  5534  5533  5532  5531  5530  5529  5528  5527  5526  5525  5524  5523  5522  5521  5520  5519  5518  5517  5516  5515  5514  5513  5512  5511  5238  4957  4668  4371  4066  3753  3432  2766  2765  2421  2068   962   960   961   576   183
  313   702  1083  1456  1821  2178  2527  2868  3201  3526  3843  4152  4453  4746  5031  5308  5307  5306  5305  5304  5303  5302  5301  5300  5299  5298  5297  5296  5295  5294  5293  5292  5291  5289  4428  5558  5823  5287  5286  5283  4718  5280  5816  5817  5276  5278  4998  6066  4996  5274  5273  5272  5271  5270  5269  5268  5267  5266  5265  5264  5263  5262  5261  5260  5259  5258  5257  5256  5255  5254  5253  5252  5251  5250  5249  5248  5247  5246  5245  5244  5243  5242  5241  5240  5239  4958  4669  4372  4067  3754  3433  3104  2767  2422  2069  1338  1339   963   577   184
  312   701  1082  1455  1820  2177  2526  2867  3200  3525  3842  4151  4452  4745  5030  5029  5028  5027  5026  5025  5024  5023  5022  5021  5020  5019  5018  5017  5016  5015  5014  5013  5012  5290  4721  5010  5009  4720  5006  4422  5005  5004  5552  5000  4711  5277  5547  4415  4997  4995  4994  4993  4992  4991  4990  4989  4988  4987  4986  4985  4984  4983  4982  4981  4980  4979  4978  4977  4976  4975  4974  4973  4972  4971  4970  4969  4968  4967  4966  4965  4964  4963  4962  4961  4960  4959  4670  4373  4068  3755  3434  3105  2769  2768  2070  1709  1341  1340   578   185
  311   700  1081  1454  1819  2176  2525  2866  3199  3524  3841  4150  4451  4744  4743  4742  4741  4740  4739  4738  4737  4736  4735  4734  4733  4732  4731  4730  4729  4728  4727  4726  4725  5011  5008  4722  4425  5007  4426  4423  4717  4715  5002  4419  4418  4999  4712  4710  4709  4708  4707  4706  4705  4704  4703  4702  4701  4700  4699  4698  4697  4696  4695  4694  4693  4692  4691  4690  4689  4688  4687  4686  4685  4684  4683  4682  4681  4680  4679  4678  4677  4676  4675  4674  4673  4672  4671  4374  4069  3756  3435  3106  2770  2423  2424  2071  1710   964   579   186
  310   699  1080  1453  1818  2175  2524  2865  3198  3523  3840  4149  4450  4449  4448  4447  4446  4445  4444  4443  4442  4441  4440  4439  4438  4437  4436  4435  4434  4433  4432  4431  4430  4724  4429  4723  4427  4719  4424  4120  4421  5003  4714  4117  5001  4417  4113  4416  4414  4413  4412  4411  4410  4409  4408  4407  4406  4405  4404  4403  4402  4401  4400  4399  4398  4397  4396  4395  4394  4393  4392  4391  4390  4389  4388  4387  4386  4385  4384  4383  4382  4381  4380  4379  4378  4377  4376  4375  4070  3757  3437  3436  2425  2072  2073  1711  1342   965   580   187
  309   698  1079  1452  1817  2174  2523  2864  3197  3522  3839  4148  4147  4146  4145  4144  4143  4142  4141  4140  4139  4138  4137  4136  4135  4134  4133  3821  4132  3818  4131  4127  4126  4125  4124  3812  4122  4121  3810  3809  4420  3488  4716  4116  4713  4115  4114  4112  4111  4110  4109  4108  4107  4106  4105  4104  4103  4102  4101  4100  4099  4098  4097  4096  4095  4094  4093  4092  4091  4090  4089  4088  4087  4086  4085  4084  4083  4082  4081  4080  4079  4078  4077  4076  4075  4074  4073  4072  4071  3758  3107  3108  2427  2428  2426  1712  1343   966   581   188
  308   697  1078  1451  1816  2173  2522  2863  3196  3521  3838  3837  3836  3835  3834  3833  3832  3831  3830  3829  3828  3827  3826  3825  3824  3823  3822  3820  4130  4129  3817  4128  3816  3815  3814  4123  3492  3811  3490  3489  4118  3161  3487  3805  3486  3804  3482  3802  3800  3799  3798  3797  3796  3795  3794  3793  3792  3791  3790  3789  3788  3787  3786  3785  3784  3783  3782  3781  3780  3779  3778  3777  3776  3775  3774  3773  3772  3771  3770  3769  3768  3767  3766  3765  3763  3762  3443  3761  3760  3759  3438  3109  2771  2774  2074  1713  1344   967   582   189
  307   696  1077  1450  1815  2172  2521  2862  3195  3520  3519  3518  3517  3516  3515  3514  3513  3512  3511  3510  3509  3508  3507  3506  3505  3504  3503  3502  3501  3819  3499  3498  3497  3496  3495  3813  3494  3493  3491  4119  3807  3808  3806  3485  3484  3803  3483  3801  3481  3480  3479  3478  3477  3476  3475  3474  3473  3472  3471  3470  3469  3468  3467  3466  3465  3464  3463  3462  3461  3460  3459  3458  3457  3456  3455  3454  3453  3452  3451  3450  3449  3448  3447  3445  3764  3117  3444  3442  3441  3440  3439  3110  2429  2772  2075  1714  1345   968   583   190
  306   695  1076  1449  1814  2171  2520  2861  3194  3193  3192  3191  3190  3189  3188  3187  3186  3185  3184  3183  3182  3181  3180  3179  3178  3177  3176  3175  3173  3500  3172  3171  3170  2490  3169  3167  2831  3166  3165  3164  3162  2826  3160  3159  2824  3157  3156  3155  3154  3153  3152  3151  3150  3149  3148  3147  3146  3145  3144  3143  3142  3141  3140  3139  3138  3137  3136  3135  3134  3133  3132  3131  3130  3129  3128  3127  3126  3125  3124  3123  3122  3121  3120  3446  3118  2783  3116  3115  3114  3113  3112  2776  3111  2430  2076  1715  1346   969   584   191
  305   694  1075  1448  1813  2170  2519  2860  2859  2858  2857  2856  2855  2854  2853  2852  2851  2850  2849  2848  2847  2846  2845  2844  2843  2842  2841  2840  3174  2838  2837  2836  2835  2833  3168  2489  2832  2830  2828  3163  2827  2483  2825  2823  3158  2822  2821  2820  2819  2818  2817  2816  2815  2814  2813  2812  2811  2810  2809  2808  2807  2806  2805  2804  2803  2802  2801  2800  2799  2798  2797  2796  2795  2794  2793  2792  2791  2790  2789  2788  2787  2786  2785  3119  2784  2439  2782  2781  2779  2778  2777  2773  2432  2775  2077  1716  1347   970   585   192
  304   693  1074  1447  1812  2169  2518  2517  2516  2515  2514  2513  2512  2511  2510  2509  2508  2507  2506  2505  2504  2503  2502  2501  2500  2499  2498  2497  2839  2495  2494  2493  2491  2141  2834  2138  2488  2487  2829  2485  2484  2482  2131  2481  2480  2479  2478  2477  2476  2475  2474  2473  2472  2471  2470  2469  2468  2467  2466  2465  2464  2463  2462  2461  2460  2459  2458  2457  2456  2455  2454  2453  2452  2451  2450  2449  2448  2447  2446  2445  2444  2443  2442  2441  2440  2438  2087  2780  2436  2435  2434  2082  2433  2431  2078  1717  1348   971   586   193
  303   692  1073  1446  1811  2168  2167  2166  2165  2164  2163  2162  2161  2160  2159  2158  2157  2156  2155  2154  2153  2152  2151  2150  2149  2148  2147  2146  2496  2144  2143  2142  2492  1781  2140  2139  2137  1777  2486  2134  2133  2132  2130  2129  1770  2128  2127  2126  2125  2124  2123  2122  2121  2120  2119  2118  2117  2116  2115  2114  2113  2112  2111  2110  2109  2108  2107  2106  2105  2104  2103  2102  2101  2100  2099  2098  2097  2096  2095  2094  2093  2092  2091  2090  2088  1361  1728  2437  2086  2085  2083  1723  2081  2080  2079  1718  1349   972   587   194
  302   691  1072  1445  1810  1809  1808  1807  1806  1805  1804  1803  1802  1801  1800  1799  1798  1797  1796  1795  1794  1793  1792  1791  1790  1789  1788  1787  2145  1786  1785  1783  1782  1414  1780  1779  1778  2135  2136  1776  1775  1774  1773  1772  1771  1769  1768  1767  1766  1765  1764  1763  1762  1761  1760  1759  1758  1757  1756  1755  1754  1753  1752  1751  1750  1749  1748  1747  1746  1745  1744  1743  1742  1741  1740  1739  1738  1737  1736  1735  1734  1733  1732  1731  2089  1362  1363  1727  1726  1358  1725  2084  1722  1721  1720  1719  1350   973   588   195
  301   690  1071  1444  1443  1442  1441  1440  1439  1438  1437  1436  1435  1434  1433  1432  1431  1430  1429  1428  1427  1426  1425  1424  1423  1422  1421  1420  1419  1418  1784  1417  1041  1416  1413  1412  1411  1410  1409  1408  1407  1406  1405  1404  1403  1402  1401  1400  1399  1398  1397  1396  1395  1394  1393  1392  1391  1390  1389  1388  1387  1386  1385  1384  1383  1382  1381  1380  1379  1378  1377  1376  1375  1374  1373  1372  1371  1370  1369  1368  1367  1366  1365  1364  1729  1730   984  1359  1360   982  1724  1356  1355  1354  1353  1352  1351   974   589   196
  300   689  1070  1069  1068  1067  1066  1065  1064  1063  1062  1061  1060  1059  1058  1057  1056  1055  1054  1053  1052  1051  1050  1049  1048  1047  1046  1045  1044  1043  1042  1040   658  1039  1038  1037  1036  1035  1034  1033  1032  1031  1030  1029  1028  1027  1026  1025  1024  1023  1022  1021  1020  1019  1018  1017  1016  1015  1014  1013  1012  1011  1010  1009  1008  1007  1006  1005  1004  1003  1002  1001  1000   999   998   997   996   995   994   993   992   991   990   989   988   985   986   603   983   600  1357   598   980   979   978   977   976   975   590   197
  299   688   687   686   685   684   683   682   681   680   679   678   677   676   675   674   673   672   671   670   669   668   667   666   665   664   663   662   661   660   659  1415   657   656   655   654   653   652   651   650   649   648   647   646   645   644   643   642   641   640   639   638   637   636   635   634   633   632   631   630   629   628   627   626   625   624   623   622   621   620   619   618   617   616   615   614   613   612   611   610   609   608   607   606   214   987   604   602   210   601   209   207   597   596   595   594   593   592   591   198
  298   297   296   295   294   293   292   291   290   289   288   287   286   285   284   283   282   281   280   279   278   277   276   275   274   273   272   271   270   269   268   267   266   265   264   263   262   261   260   259   258   257   256   255   254   253   252   251   250   249   248   247   246   245   244   243   242   241   240   239   238   237   236   235   234   233   232   231   230   229   228   227   226   225   224   223   222   221   220   219   218   217   216   215   213   605   212   211     0   599   981   208   206   205   204   203   202   201   200   199
